State initialized at: 0, 0, 0, 0, 0, 0, 0


State at (0) :, 0, 0, 0, 0, 0, 0, 0


P_received: 
1 0 0 0 0 0 0
0 1 0 0 0 0 0
0 0 1 0 0 0 0
0 0 0 1 0 0 0
0 0 0 0 1 0 0
0 0 0 0 0 1 0
0 0 0 0 0 0 1

P_received: 
       1        0        0   0.0002        0        0        0
       0        1        0        0        0        0        0
       0        0        1        0  -0.0002        0        0
  0.0002        0        0 0.999924        0    1e-06        0
       0        0  -0.0002        0 0.999584        0  1.6e-06
       0        0        0    1e-06        0    1.002        0
       0        0        0        0  1.6e-06        0  1.00002

P_received: 
          1           0           0 0.000299974           0    2.25e-10           0
          0           1   9.225e-09           0  -1.845e-12           0           0
          0   9.225e-09           1           0 -0.00029986           0    -3.6e-10
0.000299974           0           0    0.999886           0 1.50221e-06           0
          0  -1.845e-12 -0.00029986           0    0.999376           0 2.39966e-06
   2.25e-10           0           0 1.50221e-06           0       1.003           0
          0           0    -3.6e-10           0 2.39966e-06           0     1.00003

P_received: 
           1  3.83967e-16 -7.87178e-17  0.000799818  2.36043e-20  1.60785e-09  2.83384e-26
 3.83967e-16            1  6.55938e-08  1.27985e-12 -3.49473e-11  1.92283e-18 -7.87178e-17
-7.87178e-17  6.55938e-08            1            0 -0.000799003            0  -2.5588e-09
 0.000799818  1.27985e-12            0     0.999696            0  4.01569e-06            0
 2.36043e-20 -3.49473e-11 -0.000799003            0     0.998337            0  6.39759e-06
 1.60785e-09  1.92283e-18            0  4.01569e-06            0        1.008            0
 2.83384e-26 -7.87178e-17  -2.5588e-09            0  6.39759e-06            0      1.00008

P_received: 
           1  9.34561e-17  -9.5452e-17  0.000888664 -3.22764e-20  1.99243e-09 -2.33936e-25
 9.34561e-17            1  8.09741e-08  2.79205e-12 -4.79449e-11  2.32415e-18 -9.54459e-17
 -9.5452e-17  8.09741e-08            1            0 -0.000887659            0 -3.15787e-09
 0.000888664  2.79205e-12            0     0.999662            0  4.46382e-06            0
-3.22764e-20 -4.79449e-11 -0.000887659            0     0.998153            0  7.10814e-06
 1.99243e-09  2.32415e-18            0  4.46382e-06            0      1.00889            0
-2.33936e-25 -9.54459e-17 -3.15787e-09            0  7.10814e-06            0      1.00009

P_received: 
           1  3.56638e-16 -1.56628e-16  0.000999715   1.2756e-20  2.51873e-09 -1.27062e-25
 3.56638e-16            1  1.02485e-07  3.05476e-12 -6.82549e-11  3.82175e-18  -1.5662e-16
-1.56628e-16  1.02485e-07            1            0 -0.000998443            0 -3.99713e-09
 0.000999715  3.05476e-12            0      0.99962            0  5.02452e-06            0
  1.2756e-20 -6.82549e-11 -0.000998443            0     0.997922            0  7.99624e-06
 2.51873e-09  3.82175e-18            0  5.02452e-06            0         1.01            0
-1.27062e-25  -1.5662e-16 -3.99713e-09            0  7.99624e-06            0       1.0001

P_received: 
           1  1.33267e-15 -2.04928e-16  0.000999715  1.63698e-19  2.50817e-09  5.45699e-25
 1.33267e-15            1  1.02494e-07  1.33254e-12 -6.82308e-11  5.01823e-18 -2.04933e-16
-2.04928e-16  1.02494e-07            1            0 -0.000998441            0 -3.99875e-09
 0.000999715  1.33254e-12            0      0.99962            0  5.02452e-06            0
 1.63698e-19 -6.82308e-11 -0.000998441            0     0.997922            0  7.99624e-06
 2.50817e-09  5.01823e-18            0  5.02452e-06            0         1.01            0
 5.45699e-25 -2.04933e-16 -3.99875e-09            0  7.99624e-06            0       1.0001

State at (0.001) :, 1.02494e-07, 2.04928e-16, 3.99861e-09, 0.000204981, -7.99584e-06, 0, 0


P_received: 
           1  6.12969e-15 -9.42603e-16    0.0018992   9.0007e-19  7.03025e-09  3.49547e-24
 6.12969e-15            1  2.86976e-07   4.9297e-12 -2.52362e-10  2.31002e-17 -9.42632e-16
-9.42603e-16  2.86976e-07            1            0  -0.00189564            0 -1.11954e-08
   0.0018992   4.9297e-12            0     0.999278            0  9.56866e-06            0
  9.0007e-19 -2.52362e-10  -0.00189564            0     0.996054            0  1.51895e-05
 7.03025e-09  2.31002e-17            0  9.56866e-06            0        1.019            0
 3.49547e-24 -9.42632e-16 -1.11954e-08            0  1.51895e-05            0      1.00019

P_received: 
     1.00001    2.965e-14 -4.89586e-15   0.00234843  8.80678e-18  1.38922e-08  5.10714e-23
   2.965e-14            1   5.6599e-07  1.40072e-11  -8.8449e-10  1.20258e-16 -4.89605e-15
-4.89586e-15   5.6599e-07      1.00001            0   -0.0023414            0 -2.20768e-08
  0.00234843  1.40072e-11            0     0.999108            0  1.18854e-05            0
 8.80678e-18  -8.8449e-10   -0.0023414            0     0.995124            0  1.87792e-05
 1.38922e-08  1.20258e-16            0  1.18854e-05            0       1.0235            0
 5.10714e-23 -4.89605e-15 -2.20768e-08            0  1.87792e-05            0      1.00023

P_received: 
     1.00002   6.3837e-13 -1.00687e-13   0.00459398  2.63105e-16  5.40293e-08  2.95066e-21
  6.3837e-13            1  2.16804e-06  1.83845e-10 -6.59904e-09  2.49182e-15 -1.00694e-13
-1.00687e-13  2.16804e-06      1.00002            0  -0.00456717            0  -8.4467e-08
  0.00459398  1.83845e-10            0     0.998254            0  2.35187e-05            0
 2.63105e-16 -6.59904e-09  -0.00456717            0     0.990478            0  3.67206e-05
 5.40293e-08  2.49182e-15            0  2.35187e-05            0        1.046            0
 2.95066e-21 -1.00694e-13  -8.4467e-08            0  3.67206e-05            0      1.00046

P_received: 
     1.00003  8.67948e-13 -1.49415e-13   0.00499289  2.04455e-16  6.45583e-08 -9.25793e-22
 8.67948e-13            1  2.56092e-06  3.35285e-10 -8.46089e-09    3.681e-15 -1.49413e-13
-1.49415e-13  2.56092e-06      1.00003            0  -0.00496132            0 -9.96845e-08
  0.00499289  3.35285e-10            0     0.998102            0  2.56127e-05            0
 2.04455e-16 -8.46089e-09  -0.00496132            0     0.989654            0  3.99063e-05
 6.45583e-08    3.681e-15            0  2.56127e-05            0         1.05            0
-9.25793e-22 -1.49413e-13 -9.96845e-08            0  3.99063e-05            0       1.0005

P_received: 
     1.00003  1.13215e-12 -1.99848e-13   0.00549139  4.39913e-16  7.79466e-08  2.98406e-21
 1.13215e-12            1  3.09885e-06  3.78114e-10 -1.12634e-08  4.93915e-15 -1.99844e-13
-1.99848e-13  3.09885e-06      1.00003            0  -0.00545317            0 -1.20644e-07
  0.00549139  3.78114e-10            0     0.997913            0  2.82414e-05            0
 4.39913e-16 -1.12634e-08  -0.00545317            0     0.988626            0  4.38866e-05
 7.79466e-08  4.93915e-15            0  2.82414e-05            0        1.055            0
 2.98406e-21 -1.99844e-13 -1.20644e-07            0  4.38866e-05            0      1.00055

P_received: 
     1.00003  1.21675e-12 -1.87228e-13   0.00549139  8.17072e-16  7.69848e-08   1.5073e-20
 1.21675e-12            1  3.09961e-06  2.21112e-10 -1.12755e-08   4.6669e-15 -1.87251e-13
-1.87228e-13  3.09961e-06      1.00003            0  -0.00545302            0 -1.20792e-07
  0.00549139  2.21112e-10            0     0.997913            0  2.82416e-05            0
 8.17072e-16 -1.12755e-08  -0.00545302            0     0.988626            0  4.38865e-05
 7.69848e-08   4.6669e-15            0  2.82416e-05            0        1.055            0
  1.5073e-20 -1.87251e-13 -1.20792e-07            0  4.38865e-05            0      1.00055

State at (0.0055) :, 3.09955e-06, 1.87224e-13, 1.2077e-07, 0.00112691, -4.38744e-05, 0, 0


P_received: 
     1.00008  4.79818e-12  -7.3844e-13   0.00952871  3.81929e-15  1.91363e-07  8.16524e-20
 4.79818e-12            1  7.66378e-06  7.09038e-10 -3.61155e-08  1.84804e-14 -7.38544e-13
 -7.3844e-13  7.66378e-06      1.00008            0  -0.00943399            0 -2.98532e-07
  0.00952871  7.09038e-10            0     0.996377            0  4.95836e-05            0
 3.81929e-15 -3.61155e-08  -0.00943399            0     0.980298            0  7.61194e-05
 1.91363e-07  1.84804e-14            0  4.95836e-05            0       1.0955            0
 8.16524e-20 -7.38544e-13 -2.98532e-07            0  7.61194e-05            0      1.00095

P_received: 
     1.00013   1.8748e-11 -3.05444e-12    0.0115369   2.7022e-14  3.45792e-07  8.34222e-19
  1.8748e-11            1  1.37254e-05  1.75841e-09 -1.04508e-07  7.72739e-14 -3.05491e-12
-3.05444e-12  1.37254e-05      1.00013            0   -0.0113677            0 -5.34264e-07
   0.0115369  1.75841e-09            0     0.995612            0  6.11588e-05            0
  2.7022e-14 -1.04508e-07   -0.0113677            0     0.976213            0   9.2098e-05
 3.45792e-07  7.72739e-14            0  6.11588e-05            0      1.11575            0
 8.34222e-19 -3.05491e-12 -5.34264e-07            0   9.2098e-05            0      1.00116

P_received: 
     1.00047  3.20367e-10 -4.98983e-11    0.0215664  6.33472e-13  1.29108e-06  3.58595e-17
 3.20367e-10            1  4.81933e-05  1.83963e-08 -6.72479e-07  1.30523e-12 -4.99078e-11
-4.98983e-11  4.81933e-05      1.00046            0   -0.0209829            0 -1.86617e-06
   0.0215664  1.83963e-08            0      0.99179            0  0.000120027            0
 6.33472e-13 -6.72479e-07   -0.0209829            0     0.955864            0  0.000171848
 1.29108e-06  1.30523e-12            0  0.000120027            0        1.217            0
 3.58595e-17 -4.99078e-11 -1.86617e-06            0  0.000171848            0      1.00217

P_received: 
     1.00055  4.50106e-10 -7.42955e-11    0.0233437  5.90757e-13  1.58107e-06  3.64738e-18
 4.50106e-10            1  5.64741e-05  3.24634e-08 -8.46703e-07  1.91322e-12 -7.42972e-11
-7.42955e-11  5.64741e-05      1.00053            0   -0.0226693            0 -2.17834e-06
   0.0233437  3.24634e-08            0     0.991112            0  0.000131006            0
 5.90757e-13 -8.46703e-07   -0.0226693            0      0.95228            0  0.000185955
 1.58107e-06  1.91322e-12            0  0.000131006            0        1.235            0
 3.64738e-18 -7.42972e-11 -2.17834e-06            0  0.000185955            0      1.00235

P_received: 
     1.00066  5.75966e-10 -9.79215e-11    0.0255622  1.10079e-12  1.88475e-06  4.58991e-17
 5.75966e-10            1  6.78189e-05  3.67533e-08 -1.11506e-06  2.55184e-12 -9.79112e-11
-9.79215e-11  6.78189e-05      1.00064            0   -0.0247505            0 -2.61751e-06
   0.0255622  3.67533e-08            0     0.990265            0  0.000144968            0
 1.10079e-12 -1.11506e-06   -0.0247505            0     0.947835            0  0.000203543
 1.88475e-06  2.55184e-12            0  0.000144968            0       1.2575            0
 4.58991e-17 -9.79112e-11 -2.61751e-06            0  0.000203543            0      1.00257

P_received: 
     1.00066  5.78745e-10 -8.93601e-11    0.0255618  1.77076e-12  1.79706e-06   1.5668e-16
 5.78745e-10            1  6.78826e-05  2.24208e-08  -1.1225e-06  2.40282e-12 -8.93751e-11
-8.93601e-11  6.78826e-05      1.00065            0   -0.0247369            0 -2.63099e-06
   0.0255618  2.24208e-08            0     0.990265            0  0.000144985            0
 1.77076e-12  -1.1225e-06   -0.0247369            0     0.947852            0  0.000203529
 1.79706e-06  2.40282e-12            0  0.000144985            0       1.2575            0
  1.5668e-16 -8.93751e-11 -2.63099e-06            0  0.000203529            0      1.00257

State at (0.02575) :, 6.78532e-05, 8.93137e-11, 2.62873e-06, 0.00526586, -0.000203266, 0, 0


P_received: 
      1.0016  2.21197e-09 -3.41836e-10    0.0435208  7.97782e-12  4.43942e-06  8.20427e-16
 2.21197e-09            1  0.000163936  6.97855e-08 -3.47523e-06  9.34886e-12 -3.41872e-10
-3.41836e-10  0.000163936      1.00155            0   -0.0415426            0 -6.34031e-06
   0.0435208  6.97855e-08            0     0.983409            0  0.000259073            0
 7.97782e-12 -3.47523e-06   -0.0415426            0     0.911922            0  0.000345847
 4.43942e-06  9.34886e-12            0  0.000259073            0      1.43975            0
 8.20427e-16 -3.41872e-10 -6.34031e-06            0  0.000345847            0       1.0044

P_received: 
      1.0028  8.27302e-09 -1.35257e-09    0.0522898    5.239e-11  8.09975e-06   7.8019e-15
 8.27302e-09      1.00001  0.000288454  1.67608e-07 -9.58261e-06  3.86486e-11 -1.35191e-09
-1.35257e-09  0.000288454      1.00269            0   -0.0488505            0 -1.11129e-05
   0.0522898  1.67608e-07            0     0.980034            0  0.000334356            0
   5.239e-11 -9.58261e-06   -0.0488505            0      0.89549            0   0.00041427
 8.09975e-06  3.86486e-11            0  0.000334356            0      1.53088            0
  7.8019e-15 -1.35191e-09 -1.11129e-05            0   0.00041427            0      1.00531

P_received: 
      1.0095  1.33332e-07 -2.09847e-08    0.0959312  1.11484e-09  3.49099e-05  3.13283e-13
 1.33332e-07      1.00001   0.00099617  1.65263e-06 -5.50439e-05    6.802e-10  -2.0934e-08
-2.09847e-08   0.00099617      1.00845            0   -0.0850385            0 -3.73318e-05
   0.0959312  1.65263e-06            0     0.963214            0  0.000729913            0
 1.11484e-09 -5.50439e-05   -0.0850385            0     0.813998            0  0.000754268
 3.49099e-05    6.802e-10            0  0.000729913            0       1.9865            0
 3.13283e-13  -2.0934e-08 -3.73318e-05            0  0.000754268            0      1.00986

P_received: 
     1.01098  1.90808e-07 -3.15502e-08     0.103598  1.16238e-09  4.69953e-05  8.73451e-14
 1.90808e-07      1.00001   0.00116493  2.91956e-06 -6.62452e-05  9.73217e-10 -3.15202e-08
-3.15502e-08   0.00116493      1.00912            0   -0.0917546            0 -4.27764e-05
    0.103598  2.91956e-06            0     0.960248            0   0.00080971            0
 1.16238e-09 -6.62452e-05   -0.0917546            0     0.799309            0  0.000814071
 4.69953e-05  9.73217e-10            0   0.00080971            0       2.0675            0
 8.73451e-14 -3.15202e-08 -4.27764e-05            0  0.000814071            0      1.01067

P_received: 
     1.01319  2.42037e-07 -4.15318e-08      0.11309  2.00288e-09  5.51342e-05  4.63585e-13
 2.42037e-07      1.00001   0.00139815  3.30113e-06 -8.74568e-05  1.33469e-09 -4.13844e-08
-4.15318e-08   0.00139815      1.01108            0   -0.0987228            0 -5.14567e-05
     0.11309  3.30113e-06            0     0.956562            0  0.000915394            0
 2.00288e-09 -8.74568e-05   -0.0987228            0     0.782701            0  0.000886949
 5.51342e-05  1.33469e-09            0  0.000915394            0      2.16875            0
 4.63585e-13 -4.13844e-08 -5.14567e-05            0  0.000886949            0      1.01169

P_received: 
     1.01337  2.34763e-07 -3.70732e-08     0.113049  2.88729e-09  4.71285e-05  1.29149e-12
 2.34763e-07      1.00001   0.00140121  1.98688e-06  -9.1582e-05  1.31466e-09 -3.68301e-08
-3.70732e-08   0.00140121      1.01212            0   -0.0974561            0 -5.26975e-05
    0.113049  1.98688e-06            0     0.956571            0  0.000916915            0
 2.88729e-09  -9.1582e-05   -0.0974561            0     0.784204            0  0.000885659
 4.71285e-05  1.31466e-09            0  0.000916915            0      2.16875            0
 1.29149e-12 -3.68301e-08 -5.26975e-05            0  0.000885659            0      1.01169

State at (0.116875) :, 0.00138982, 3.67148e-08, 5.24909e-05, 0.0236953, -0.000880409, 0, 0


P_received: 
     1.01866  4.19924e-07  -6.6578e-08     0.134915  5.65156e-09  6.85696e-05  2.82418e-12
 4.19924e-07      1.00002   0.00196416  3.15219e-06 -0.000143354  2.44012e-09 -6.60292e-08
 -6.6578e-08   0.00196416      1.01668            0    -0.113424            0 -7.34077e-05
    0.134915  3.15219e-06            0     0.948074            0   0.00116641            0
 5.65156e-09 -0.000143354    -0.113424            0     0.746064            0   0.00105338
 6.85696e-05  2.44012e-09            0   0.00116641            0      2.40259            0
 2.82418e-12 -6.60292e-08 -7.34077e-05            0   0.00105338            0      1.01403

P_received: 
     1.02246  6.46336e-07 -1.03763e-07     0.145515  9.95845e-09  8.58536e-05  5.87187e-12
 6.46336e-07      1.00002   0.00237523  4.23076e-06 -0.000191767  3.97909e-09 -1.02592e-07
-1.03763e-07   0.00237523       1.0198            0    -0.119967            0  -8.8175e-05
    0.145515  4.23076e-06            0      0.94391            0   0.00132067            0
 9.95845e-09 -0.000191767    -0.119967            0     0.729081            0   0.00113314
 8.58536e-05  3.97909e-09            0   0.00132067            0      2.51951            0
 5.87187e-12 -1.02592e-07  -8.8175e-05            0   0.00113314            0       1.0152

P_received: 
     1.04243  2.52489e-06 -4.04473e-07     0.198208  4.63085e-08  0.000191835  4.10606e-11
 2.52489e-06      1.00004   0.00459144  1.17939e-05 -0.000452896  1.77756e-08 -3.95589e-07
-4.04473e-07   0.00459144      1.03514            0    -0.152576            0 -0.000165211
    0.198208  1.17939e-05            0     0.923173            0   0.00212242            0
 4.63085e-08 -0.000452896    -0.152576            0     0.644681            0   0.00152918
 0.000191835  1.77756e-08            0   0.00212242            0      3.10411            0
 4.10606e-11 -3.95589e-07 -0.000165211            0   0.00152918            0      1.02104

P_received: 
     1.04637  3.34105e-06 -5.26706e-07     0.207445  5.76166e-08  0.000226881  5.13263e-11
 3.34105e-06      1.00005   0.00507241  1.51817e-05 -0.000491363  2.35999e-08 -5.14881e-07
-5.26706e-07   0.00507241      1.03705            0    -0.159145            0 -0.000179703
    0.207445  1.51817e-05            0     0.919522            0   0.00227977            0
 5.76166e-08 -0.000491363    -0.159145            0     0.628952            0   0.00159904
 0.000226881  2.35999e-08            0   0.00227977            0      3.20804            0
 5.13263e-11 -5.14881e-07 -0.000179703            0   0.00159904            0      1.02208

P_received: 
     1.05194  3.97641e-06 -6.39826e-07      0.21883  7.40368e-08  0.000256625  7.08372e-11
 3.97641e-06      1.00006   0.00569668  1.72857e-05 -0.000580144   2.9115e-08 -6.23603e-07
-6.39826e-07   0.00569668      1.04128            0    -0.164982            0 -0.000201141
     0.21883  1.72857e-05            0     0.914997            0   0.00248671            0
 7.40368e-08 -0.000580144    -0.164982            0     0.612239            0   0.00168304
 0.000256625   2.9115e-08            0   0.00248671            0      3.33795            0
 7.08372e-11 -6.23603e-07 -0.000201141            0   0.00168304            0      1.02338

P_received: 
     1.05232  3.54783e-06 -5.84422e-07     0.218745   7.4749e-08   0.00023997  7.69463e-11
 3.54783e-06      1.00005    0.0056837  1.48539e-05 -0.000615941  2.66857e-08 -5.68204e-07
-5.84422e-07    0.0056837       1.0431            0    -0.162748            0 -0.000203551
    0.218745  1.48539e-05            0     0.915015            0   0.00248988            0
  7.4749e-08 -0.000615941    -0.162748            0     0.614923            0   0.00168053
  0.00023997  2.66857e-08            0   0.00248988            0      3.33795            0
 7.69463e-11 -5.68204e-07 -0.000203551            0   0.00168053            0      1.02338

State at (0.233795) :, 0.0055206, 5.64637e-07, 0.000201946, 0.046879, -0.00166033, 0, 0


P_received: 
     1.06303  4.99155e-06  -8.2811e-07     0.240138   1.1058e-07  0.000300951  1.24143e-10
 4.99155e-06      1.00007   0.00689642  1.93104e-05 -0.000787111  3.90006e-08 -8.01911e-07
 -8.2811e-07   0.00689642      1.05107            0    -0.173663            0  -0.00024471
    0.240138  1.93104e-05            0     0.906502            0   0.00288705            0
  1.1058e-07 -0.000787111    -0.173663            0       0.5836            0   0.00183824
 0.000300951  3.90006e-08            0   0.00288705            0      3.58286            0
 1.24143e-10 -8.01911e-07  -0.00024471            0   0.00183824            0      1.02583

P_received: 
     1.06957  6.22298e-06 -1.04197e-06     0.250487  1.45013e-07  0.000342386  1.79187e-10
 6.22298e-06      1.00008   0.00765688  2.24837e-05  -0.00090487  5.06028e-08 -1.00431e-06
-1.04197e-06   0.00765688      1.05566            0    -0.177945            0 -0.000269635
    0.250487  2.24837e-05            0     0.902335            0    0.0031173            0
 1.45013e-07  -0.00090487    -0.177945            0     0.569734            0   0.00191311
 0.000342386  5.06028e-08            0    0.0031173            0      3.70532            0
 1.79187e-10 -1.00431e-06 -0.000269635            0   0.00191311            0      1.02705

P_received: 
     1.10327  1.40579e-05 -2.40188e-06     0.301918  3.60362e-07  0.000575501  6.00545e-10
 1.40579e-05      1.00016    0.0116595  4.08822e-05  -0.00150233  1.29309e-07 -2.27528e-06
-2.40188e-06    0.0116595      1.07825            0    -0.199361            0 -0.000397355
    0.301918  4.08822e-05            0     0.881583            0   0.00430111            0
 3.60362e-07  -0.00150233    -0.199361            0     0.500772            0   0.00228487
 0.000575501  1.29309e-07            0   0.00430111            0      4.31762            0
 6.00545e-10 -2.27528e-06 -0.000397355            0   0.00228487            0      1.03318

P_received: 
     1.10964  1.65798e-05 -2.81877e-06     0.310928  4.14637e-07  0.000637234  7.34821e-10
 1.65798e-05      1.00019    0.0124825  4.63623e-05  -0.00158724   1.5557e-07 -2.66017e-06
-2.81877e-06    0.0124825      1.08149            0     -0.20391            0 -0.000420786
    0.310928  4.63623e-05            0     0.877931            0   0.00452733            0
 4.14637e-07  -0.00158724     -0.20391            0     0.487804            0   0.00235052
 0.000637234   1.5557e-07            0   0.00452733            0      4.42647            0
 7.34821e-10 -2.66017e-06 -0.000420786            0   0.00235052            0      1.03426

P_received: 
     1.11828  1.89669e-05 -3.25917e-06     0.322019  4.90843e-07  0.000699471  9.06356e-10
 1.89669e-05      1.00021    0.0135303  5.12839e-05  -0.00175737  1.82187e-07 -3.06536e-06
-3.25917e-06    0.0135303       1.0871            0    -0.207519            0 -0.000453422
    0.322019  5.12839e-05            0     0.873407            0   0.00482128            0
 4.90843e-07  -0.00175737    -0.207519            0     0.474236            0   0.00242923
 0.000699471  1.82187e-07            0   0.00482128            0      4.56253            0
 9.06356e-10 -3.06536e-06 -0.000453422            0   0.00242923            0      1.03563

P_received: 
     1.11869   1.8006e-05 -3.13246e-06     0.321926  4.92309e-07  0.000680748  8.93228e-10
  1.8006e-05       1.0002    0.0135045   4.8958e-05  -0.00181784   1.7314e-07 -2.94841e-06
-3.13246e-06    0.0135045      1.08867            0    -0.205537            0  -0.00045588
    0.321926   4.8958e-05            0     0.873427            0   0.00482484            0
 4.92309e-07  -0.00181784    -0.205537            0     0.476665            0   0.00242668
 0.000680748   1.7314e-07            0   0.00482484            0      4.56253            0
 8.93228e-10 -2.94841e-06  -0.00045588            0   0.00242668            0      1.03563

State at (0.356253) :, 0.0127203, 2.92011e-06, 0.000450371, 0.0706151, -0.00238164, 0, 0


P_received: 
     1.13536  2.30094e-05  -4.0414e-06     0.342951  6.48256e-07  0.000805637  1.26851e-09
 2.30094e-05      1.00026    0.0155415  5.88994e-05  -0.00214459  2.29387e-07 -3.78169e-06
 -4.0414e-06    0.0155415      1.09931            0    -0.212342            0 -0.000518694
    0.342951  5.88994e-05            0      0.86484            0   0.00539161            0
 6.48256e-07  -0.00214459    -0.212342            0     0.451005            0   0.00257581
 0.000805637  2.29387e-07            0   0.00539161            0      4.82138            0
 1.26851e-09 -3.78169e-06 -0.000518694            0   0.00257581            0      1.03821

P_received: 
     1.14492  2.66845e-05 -4.73092e-06     0.353098  7.70429e-07  0.000884587  1.61844e-09
 2.66845e-05       1.0003    0.0167501  6.52551e-05  -0.00234273  2.74622e-07  -4.4024e-06
-4.73092e-06    0.0167501      1.10503            0    -0.214792            0 -0.000554443
    0.353098  6.52551e-05            0     0.860641            0   0.00570954            0
 7.70429e-07  -0.00234273    -0.214792            0     0.439729            0   0.00264646
 0.000884587  2.74622e-07            0   0.00570954            0       4.9508            0
 1.61844e-09  -4.4024e-06 -0.000554443            0   0.00264646            0      1.03951

P_received: 
     1.19374   4.8011e-05 -8.76718e-06     0.403498  1.46025e-06   0.00131357  3.91957e-09
  4.8011e-05      1.00052    0.0230391   9.9941e-05  -0.00333012  5.51442e-07 -7.98919e-06
-8.76718e-06    0.0230391      1.13318            0    -0.227151            0 -0.000736216
    0.403498   9.9941e-05            0     0.839738            0   0.00733461            0
 1.46025e-06  -0.00333012    -0.227151            0     0.383589            0   0.00299724
  0.00131357  5.51442e-07            0   0.00733461            0      5.59792            0
 3.91957e-09 -7.98919e-06 -0.000736216            0   0.00299724            0      1.04598

P_received: 
     1.20278   5.3758e-05 -9.83311e-06     0.412322  1.60919e-06    0.0014155  4.58388e-09
  5.3758e-05      1.00059    0.0242924  0.000108512  -0.00347293  6.30966e-07 -8.91769e-06
-9.83311e-06    0.0242924      1.13745            0    -0.230071            0  -0.00076918
    0.412322  0.000108512            0     0.836061            0   0.00764055            0
 1.60919e-06  -0.00347293    -0.230071            0     0.372904            0   0.00305927
   0.0014155  6.30966e-07            0   0.00764055            0      5.71297            0
 4.58388e-09 -8.91769e-06  -0.00076918            0   0.00305927            0      1.04713

P_received: 
     1.21483  5.98585e-05 -1.10444e-05     0.423164  1.82452e-06   0.00152665  5.39821e-09
 5.98585e-05      1.00065    0.0258861  0.000117448  -0.00372969  7.17002e-07 -9.97476e-06
-1.10444e-05    0.0258861      1.14409            0    -0.231886            0 -0.000813824
    0.423164  0.000117448            0     0.831508            0   0.00803537            0
 1.82452e-06  -0.00372969    -0.231886            0     0.361948            0   0.00313339
  0.00152665  7.17002e-07            0   0.00803537            0      5.85677            0
 5.39821e-09 -9.97476e-06 -0.000813824            0   0.00313339            0      1.04857

P_received: 
     1.21529  5.83535e-05 -1.08224e-05      0.42306  1.83916e-06   0.00150504  5.30288e-09
 5.83535e-05      1.00064    0.0258572  0.000115176  -0.00380682  6.95952e-07 -9.78839e-06
-1.08224e-05    0.0258572      1.14545            0    -0.230105            0 -0.000816387
     0.42306  0.000115176            0     0.831531            0   0.00803948            0
 1.83916e-06  -0.00380682    -0.230105            0     0.364183            0   0.00313073
  0.00150504  6.95952e-07            0   0.00803948            0      5.85677            0
 5.30288e-09 -9.78839e-06 -0.000816387            0   0.00313073            0      1.04857

State at (0.485677) :, 0.0234511, 9.65994e-06, 0.000802861, 0.0951081, -0.00305044, 0, 0


P_received: 
     1.23843   7.0704e-05 -1.32634e-05     0.443592  2.26716e-06   0.00172479  7.00685e-09
  7.0704e-05      1.00078    0.0289391  0.000132827  -0.00429681  8.72384e-07 -1.19108e-05
-1.32634e-05    0.0289391      1.15803            0    -0.233519            0 -0.000901963
    0.443592  0.000132827            0     0.822899            0   0.00879818            0
 2.26716e-06  -0.00429681    -0.233519            0     0.343482            0   0.00327102
  0.00172479  8.72384e-07            0   0.00879818            0      6.13011            0
 7.00685e-09 -1.19108e-05 -0.000901963            0   0.00327102            0       1.0513

P_received: 
     1.25125  7.90388e-05 -1.49703e-05     0.453473  2.56495e-06     0.001858  8.40534e-09
 7.90388e-05      1.00087    0.0307139  0.000143446  -0.00457281  1.00189e-06  -1.3364e-05
-1.49703e-05    0.0307139      1.16453            0     -0.23448            0 -0.000949066
    0.453473  0.000143446            0     0.818684            0   0.00921513            0
 2.56495e-06  -0.00457281     -0.23448            0     0.334455            0   0.00333736
    0.001858  1.00189e-06            0   0.00921513            0      6.26679            0
 8.40534e-09  -1.3364e-05 -0.000949066            0   0.00333736            0      1.05267

P_received: 
     1.31642  0.000125264 -2.45539e-05     0.502533  4.16648e-06   0.00256823  1.69197e-08
 0.000125264      1.00141    0.0398796  0.000199766  -0.00593731  1.75348e-06 -2.14265e-05
-2.45539e-05    0.0398796      1.19654            0    -0.239477            0  -0.00118752
    0.502533  0.000199766            0     0.797703            0    0.0113382            0
 4.16648e-06  -0.00593731    -0.239477            0     0.289455            0   0.00366671
  0.00256823  1.75348e-06            0    0.0113382            0      6.95014            0
 1.69197e-08 -2.14265e-05  -0.00118752            0   0.00366671            0       1.0595

P_received: 
     1.32836  0.000136425 -2.68647e-05     0.511118  4.48159e-06   0.00272654  1.91719e-08
 0.000136425      1.00155    0.0416649  0.000212342  -0.00613914  1.94916e-06 -2.33291e-05
-2.68647e-05    0.0416649      1.20155            0     -0.24105            0  -0.00123048
    0.511118  0.000212342            0     0.794013            0    0.0117339            0
 4.48159e-06  -0.00613914     -0.24105            0     0.280771            0   0.00372506
  0.00272654  1.94916e-06            0    0.0117339            0      7.07163            0
 1.91719e-08 -2.33291e-05  -0.00123048            0   0.00372506            0      1.06072

P_received: 
     1.34408  0.000149087 -2.96054e-05     0.521643  4.94231e-06   0.00290679  2.19408e-08
 0.000149087       1.0017    0.0439429  0.000226445  -0.00647357  2.17052e-06 -2.55901e-05
-2.96054e-05    0.0439429      1.20886            0    -0.241434            0   -0.0012877
    0.521643  0.000226445            0     0.789449            0    0.0122424            0
 4.94231e-06  -0.00647357    -0.241434            0     0.272064            0   0.00379451
  0.00290679  2.17052e-06            0    0.0122424            0      7.22349            0
 2.19408e-08 -2.55901e-05   -0.0012877            0   0.00379451            0      1.06223

P_received: 
      1.3446  0.000147072 -2.92676e-05     0.521527  4.98667e-06   0.00288195  2.16518e-08
 0.000147072      1.00168    0.0439216  0.000224249   -0.0065577  2.13049e-06 -2.53291e-05
-2.92676e-05    0.0439216         1.21            0    -0.239869            0  -0.00129034
    0.521527  0.000224249            0     0.789474            0    0.0122471            0
 4.98667e-06   -0.0065577    -0.239869            0     0.274088            0   0.00379176
  0.00288195  2.13049e-06            0    0.0122471            0      7.22349            0
 2.16518e-08 -2.53291e-05  -0.00129034            0   0.00379176            0      1.06223

State at (0.622349) :, 0.0381805, 2.49019e-05, 0.0012628, 0.120327, -0.00366548, 0, 0


P_received: 
     1.37473  0.000172278 -3.47223e-05     0.541469  5.88966e-06   0.00323571  2.73151e-08
 0.000172278      1.00199    0.0483165  0.000251815  -0.00719441  2.57721e-06 -2.98139e-05
-3.47223e-05    0.0483165      1.22386            0    -0.240581            0  -0.00139987
    0.541469  0.000251815            0     0.780815            0    0.0132232            0
 5.88966e-06  -0.00719441    -0.240581            0     0.257625            0   0.00392332
  0.00323571  2.57721e-06            0    0.0132232            0      7.51234            0
 2.73151e-08 -2.98139e-05  -0.00139987            0   0.00392332            0      1.06512

P_received: 
     1.39109  0.000188378 -3.83405e-05     0.551035  6.47004e-06    0.0034443  3.15946e-08
 0.000188378      1.00219    0.0507981  0.000267759  -0.00753516  2.88611e-06 -3.27238e-05
-3.83405e-05    0.0507981      1.23084            0    -0.240378            0   -0.0014589
    0.551035  0.000267759            0     0.776593            0    0.0137521            0
 6.47004e-06  -0.00753516    -0.240378            0     0.250507            0    0.0039854
   0.0034443  2.88611e-06            0    0.0137521            0      7.65676            0
 3.15946e-08 -3.27238e-05   -0.0014589            0    0.0039854            0      1.06657

P_received: 
     1.47392  0.000275349 -5.81514e-05     0.598513  9.50766e-06   0.00454351  5.64971e-08
 0.000275349      1.00333    0.0635437  0.000350962  -0.00921245  4.62311e-06 -4.84942e-05
-5.81514e-05    0.0635437       1.2652            0     -0.23961            0  -0.00175694
    0.598513  0.000350962            0      0.75558            0    0.0164381            0
 9.50766e-06  -0.00921245     -0.23961            0     0.214962            0   0.00429368
  0.00454351  4.62311e-06            0    0.0164381            0      8.37888            0
 5.64971e-08 -4.84942e-05  -0.00175694            0   0.00429368            0      1.07379

P_received: 
     1.48898  0.000294884 -6.26451e-05     0.606815  1.00734e-05   0.00477862  6.26593e-08
 0.000294884       1.0036    0.0659821  0.000368446  -0.00946586  5.04581e-06 -5.20025e-05
-6.26451e-05    0.0659821      1.27068            0     -0.24011            0  -0.00181042
    0.606815  0.000368446            0     0.751886            0    0.0169354            0
 1.00734e-05  -0.00946586     -0.24011            0     0.207994            0    0.0043484
  0.00477862  5.04581e-06            0    0.0169354            0      8.50725            0
 6.26593e-08 -5.20025e-05  -0.00181042            0    0.0043484            0      1.07507

P_received: 
     1.50865  0.000317967 -6.81226e-05      0.61697  1.08971e-05   0.00505344  7.03088e-08
 0.000317967      1.00391    0.0691069  0.000388838  -0.00985912  5.53857e-06 -5.62764e-05
-6.81226e-05    0.0691069      1.27836            0    -0.239396            0  -0.00188084
     0.61697  0.000388838            0     0.747321            0    0.0175722            0
 1.08971e-05  -0.00985912    -0.239396            0      0.20118            0   0.00441328
  0.00505344  5.53857e-06            0    0.0175722            0      8.66772            0
 7.03088e-08 -5.62764e-05  -0.00188084            0   0.00441328            0      1.07668

P_received: 
     1.50923  0.000315515 -6.76579e-05      0.61684   1.0985e-05   0.00502486  6.96599e-08
 0.000315515      1.00386    0.0691035  0.000386722  -0.00994095  5.47047e-06 -5.59362e-05
-6.76579e-05    0.0691035      1.27928            0    -0.238048            0  -0.00188356
     0.61684  0.000386722            0     0.747349            0    0.0175776            0
  1.0985e-05  -0.00994095    -0.238048            0     0.202988            0   0.00441046
  0.00502486  5.47047e-06            0    0.0175776            0      8.66772            0
 6.96599e-08 -5.59362e-05  -0.00188356            0   0.00441046            0      1.07668

State at (0.766772) :, 0.0574408, 5.47704e-05, 0.00183375, 0.146275, -0.00422708, 0, 0


P_received: 
     1.54686  0.000360947 -7.84598e-05     0.636062  1.25842e-05   0.00556103  8.50708e-08
 0.000360947      1.00448    0.0751146  0.000426284   -0.0106877  6.45367e-06 -6.43403e-05
-7.84598e-05    0.0751146      1.29381            0    -0.236689            0  -0.00201809
    0.636062  0.000426284            0     0.738695            0    0.0187977            0
 1.25842e-05   -0.0106877    -0.236689            0     0.190115            0   0.00453328
  0.00556103  6.45367e-06            0    0.0187977            0      8.97275            0
 8.50708e-08 -6.43403e-05  -0.00201809            0   0.00453328            0      1.07973

P_received: 
       1.567  0.000388844 -8.53577e-05     0.645251  1.35536e-05   0.00587098  9.60554e-08
 0.000388844      1.00488    0.0784587  0.000448532   -0.0110715  7.10522e-06 -6.95919e-05
-8.53577e-05    0.0784587      1.30097            0    -0.235616            0  -0.00208957
    0.645251  0.000448532            0     0.734481            0    0.0194521            0
 1.35536e-05   -0.0110715    -0.235616            0     0.184597            0   0.00459114
  0.00587098  7.10522e-06            0    0.0194521            0      9.12527            0
 9.60554e-08 -6.95919e-05  -0.00208957            0   0.00459114            0      1.08125

P_received: 
     1.66869  0.000536968  -0.00012249     0.690831  1.85425e-05   0.00749133  1.58119e-07
 0.000536968      1.00705    0.0955602  0.000563427    -0.012956  1.06932e-05 -9.76251e-05
 -0.00012249    0.0955602      1.33629            0    -0.230535            0  -0.00244973
    0.690831  0.000563427            0     0.713515            0     0.022769            0
 1.85425e-05    -0.012956    -0.230535            0     0.156992            0   0.00487853
  0.00749133  1.06932e-05            0     0.022769            0      9.88784            0
 1.58119e-07 -9.76251e-05  -0.00244973            0   0.00487853            0      1.08888

P_received: 
     1.68706   0.00056859 -0.000130547     0.698796  1.94428e-05   0.00782809  1.72718e-07
  0.00056859      1.00755    0.0987848  0.000586631   -0.0132468  1.15249e-05 -0.000103615
-0.000130547    0.0987848      1.34202            0    -0.230204            0   -0.0025142
    0.698796  0.000586631            0      0.70983            0    0.0233799            0
 1.94428e-05   -0.0132468    -0.230204            0     0.151483            0   0.00492965
  0.00782809  1.15249e-05            0    0.0233799            0      10.0234            0
 1.72718e-07 -0.000103615   -0.0025142            0   0.00492965            0      1.09023

P_received: 
     1.71095  0.000606952 -0.000140554     0.708512  2.07341e-05   0.00822856  1.91005e-07
 0.000606952      1.00813     0.102932  0.000614315   -0.0136724  1.25146e-05 -0.000111023
-0.000140554     0.102932      1.34978            0    -0.228695            0  -0.00259836
    0.708512  0.000614315            0     0.705281            0    0.0241602            0
 2.07341e-05   -0.0136724    -0.228695            0     0.146244            0   0.00499004
  0.00822856  1.25146e-05            0    0.0241602            0      10.1929            0
 1.91005e-07 -0.000111023  -0.00259836            0   0.00499004            0      1.09193

P_received: 
     1.71159  0.000604208 -0.000139972     0.708367  2.08694e-05   0.00819579  1.89776e-07
 0.000604208      1.00806     0.102957  0.000612287   -0.0137429  1.24073e-05 -0.000110602
-0.000139972     0.102957      1.35048            0    -0.227566            0  -0.00260112
    0.708367  0.000612287            0     0.705313            0    0.0241665            0
 2.08694e-05   -0.0137429    -0.227566            0     0.147832            0   0.00498717
  0.00819579  1.24073e-05            0    0.0241665            0      10.1929            0
 1.89776e-07 -0.000110602  -0.00260112            0   0.00498717            0      1.09193

State at (0.919287) :, 0.081791, 0.000107831, 0.00251822, 0.172914, -0.00473535, 0, 0


P_received: 
